sample	mainsource	substrate	plate	well	0.0	0.5	1.0	1.5	2.0	2.5	3.0	3.5	4.0	4.5	5.0	5.5	6.0	6.5	7.0	7.5	8.0	8.5	9.0	9.5	10.0	10.5	11.0	11.5	12.0	12.5	13.0	13.5	14.0	14.5	15.0	15.5	16.0	16.5	17.0	17.5	18.0	18.5	19.0	19.5	20.0	20.5	21.0	21.5	22.0	22.5	23.0	23.5	24.0	24.5	25.0	25.5	26.0	26.5	27.0	27.5	28.0	28.5	29.0	29.5	30.0	30.5	31.0	31.5
R.S.3	Carbon	Propionate	sample_plate	A1	0.108	0.108	0.109	0.110	0.111	0.112	0.113	0.114	0.115	0.117	0.118	0.120	0.121	0.123	0.125	0.127	0.129	0.131	0.134	0.136	0.138	0.141	0.143	0.145	0.148	0.150	0.152	0.154	0.157	0.158	0.160	0.162	0.164	0.165	0.167	0.168	0.169	0.170	0.171	0.172	0.173	0.174	0.174	0.175	0.176	0.176	0.177	0.177	0.177	0.178	0.178	0.178	0.178	0.179	0.179	0.179	0.179	0.179	0.179	0.179	0.179	0.180	0.180	0.180
R.S.3	Carbon	L-Glutamic Acid	sample_plate	A2	0.114	0.115	0.116	0.117	0.119	0.120	0.121	0.123	0.124	0.126	0.128	0.130	0.132	0.134	0.136	0.138	0.141	0.143	0.146	0.149	0.151	0.154	0.157	0.160	0.163	0.166	0.169	0.172	0.175	0.178	0.182	0.184	0.187	0.190	0.193	0.196	0.199	0.201	0.204	0.206	0.208	0.210	0.213	0.214	0.216	0.218	0.220	0.221	0.223	0.224	0.225	0.227	0.228	0.229	0.230	0.231	0.231	0.232	0.233	0.234	0.234	0.235	0.235	0.236
R.S.3	Carbon	D-Glucose	sample_plate	A3	0.126	0.130	0.135	0.142	0.151	0.162	0.176	0.192	0.211	0.232	0.255	0.279	0.303	0.326	0.348	0.367	0.384	0.398	0.409	0.419	0.426	0.432	0.436	0.440	0.442	0.444	0.446	0.447	0.448	0.448	0.449	0.449	0.449	0.450	0.450	0.450	0.450	0.450	0.450	0.450	0.450	0.450	0.450	0.450	0.450	0.450	0.450	0.450	0.450	0.450	0.450	0.450	0.450	0.450	0.450	0.450	0.450	0.450	0.450	0.450	0.450	0.450	0.450	0.450
R.S.3	Carbon	Potassium Sorbate	sample_plate	A4	0.107	0.108	0.112	0.116	0.121	0.125	0.127	0.128	0.128	0.128	0.128	0.128	0.128	0.128	0.128	0.128	0.128	0.128	0.128	0.128	0.128	0.128	0.128	0.128	0.128	0.128	0.128	0.128	0.128	0.128	0.128	0.128	0.128	0.128	0.128	0.128	0.128	0.128	0.128	0.128	0.128	0.128	0.128	0.128	0.128	0.128	0.128	0.128	0.128	0.128	0.128	0.128	0.128	0.128	0.128	0.128	0.128	0.128	0.128	0.128	0.128	0.128	0.128	0.128
R.S.3	Carbon	Lactulose	sample_plate	A5	0.110	0.110	0.111	0.111	0.112	0.112	0.113	0.113	0.114	0.114	0.115	0.115	0.116	0.116	0.117	0.118	0.118	0.119	0.120	0.121	0.121	0.122	0.123	0.124	0.125	0.126	0.127	0.128	0.129	0.130	0.131	0.132	0.133	0.134	0.135	0.136	0.137	0.138	0.139	0.141	0.142	0.143	0.144	0.145	0.146	0.147	0.148	0.150	0.151	0.152	0.153	0.154	0.155	0.156	0.157	0.158	0.159	0.160	0.161	0.162	0.162	0.163	0.164	0.165
R.S.3	Carbon	Glycerol	sample_plate	A6	0.116	0.119	0.122	0.125	0.129	0.133	0.138	0.144	0.151	0.159	0.168	0.178	0.190	0.202	0.216	0.232	0.248	0.266	0.284	0.303	0.322	0.342	0.361	0.380	0.398	0.415	0.431	0.446	0.460	0.472	0.483	0.493	0.502	0.509	0.516	0.522	0.527	0.531	0.534	0.538	0.540	0.542	0.544	0.546	0.547	0.548	0.549	0.550	0.551	0.552	0.552	0.552	0.553	0.553	0.553	0.554	0.554	0.554	0.554	0.554	0.554	0.554	0.554	0.554
R.S.3	Carbon	Myo-Inositol	sample_plate	A7	0.111	0.111	0.112	0.113	0.114	0.115	0.116	0.118	0.119	0.120	0.122	0.124	0.126	0.128	0.130	0.133	0.136	0.139	0.142	0.145	0.149	0.153	0.157	0.161	0.166	0.171	0.176	0.181	0.186	0.192	0.198	0.204	0.209	0.215	0.221	0.227	0.233	0.239	0.245	0.250	0.256	0.261	0.266	0.271	0.275	0.280	0.284	0.287	0.291	0.294	0.298	0.301	0.303	0.306	0.308	0.310	0.312	0.314	0.316	0.317	0.318	0.320	0.321	0.322
R.S.3	Carbon	D-Serine	sample_plate	A8	0.122	0.125	0.128	0.131	0.135	0.140	0.145	0.150	0.157	0.163	0.171	0.179	0.188	0.198	0.208	0.219	0.230	0.241	0.253	0.264	0.276	0.287	0.298	0.309	0.318	0.328	0.336	0.344	0.352	0.358	0.364	0.369	0.374	0.378	0.382	0.385	0.388	0.391	0.393	0.395	0.396	0.398	0.399	0.400	0.401	0.402	0.403	0.403	0.404	0.404	0.404	0.405	0.405	0.405	0.406	0.406	0.406	0.406	0.406	0.406	0.406	0.406	0.406	0.406
R.S.3	Carbon	D-Galactose	sample_plate	A9	0.124	0.127	0.131	0.135	0.139	0.144	0.150	0.157	0.164	0.172	0.180	0.190	0.200	0.210	0.222	0.234	0.246	0.258	0.270	0.282	0.294	0.306	0.317	0.327	0.337	0.346	0.355	0.362	0.369	0.375	0.381	0.386	0.390	0.394	0.397	0.400	0.403	0.405	0.407	0.408	0.410	0.411	0.412	0.413	0.414	0.415	0.415	0.416	0.416	0.416	0.417	0.417	0.417	0.417	0.418	0.418	0.418	0.418	0.418	0.418	0.418	0.418	0.418	0.418
R.S.3	Carbon	Oxalic Acid	sample_plate	A10	0.105	0.106	0.106	0.107	0.108	0.109	0.109	0.111	0.112	0.113	0.114	0.116	0.117	0.119	0.121	0.122	0.124	0.126	0.127	0.129	0.130	0.132	0.133	0.134	0.135	0.136	0.137	0.138	0.138	0.139	0.139	0.140	0.140	0.140	0.141	0.141	0.141	0.141	0.141	0.142	0.142	0.142	0.142	0.142	0.142	0.142	0.142	0.142	0.142	0.142	0.142	0.142	0.142	0.142	0.142	0.142	0.142	0.142	0.142	0.142	0.142	0.142	0.142	0.142
R.S.3	Carbon	Malic Acid	sample_plate	A11	0.101	0.101	0.101	0.102	0.102	0.102	0.103	0.103	0.104	0.104	0.105	0.106	0.107	0.108	0.109	0.110	0.112	0.113	0.115	0.117	0.119	0.121	0.124	0.126	0.129	0.132	0.135	0.138	0.142	0.145	0.149	0.152	0.156	0.160	0.163	0.166	0.170	0.173	0.176	0.178	0.181	0.183	0.185	0.187	0.189	0.191	0.192	0.194	0.195	0.196	0.197	0.198	0.199	0.199	0.200	0.201	0.201	0.201	0.202	0.202	0.202	0.203	0.203	0.203
R.S.3	Carbon	L-Methionine	sample_plate	A12	0.100	0.101	0.102	0.105	0.106	0.107	0.107	0.107	0.107	0.107	0.107	0.107	0.107	0.107	0.107	0.107	0.107	0.107	0.107	0.107	0.107	0.107	0.107	0.107	0.107	0.107	0.107	0.107	0.107	0.107	0.107	0.107	0.107	0.107	0.107	0.107	0.107	0.107	0.107	0.107	0.107	0.107	0.107	0.107	0.107	0.107	0.107	0.107	0.107	0.107	0.107	0.107	0.107	0.107	0.107	0.107	0.107	0.107	0.107	0.107	0.107	0.107	0.107	0.107
R.S.3	Carbon	Glycine	sample_plate	B1	0.102	0.106	0.112	0.121	0.129	0.134	0.136	0.137	0.138	0.138	0.138	0.138	0.138	0.138	0.138	0.138	0.138	0.138	0.138	0.138	0.138	0.138	0.138	0.138	0.138	0.138	0.138	0.138	0.138	0.138	0.138	0.138	0.138	0.138	0.138	0.138	0.138	0.138	0.138	0.138	0.138	0.138	0.138	0.138	0.138	0.138	0.138	0.138	0.138	0.138	0.138	0.138	0.138	0.138	0.138	0.138	0.138	0.138	0.138	0.138	0.138	0.138	0.138	0.138
R.S.3	Carbon	Negative Control	sample_plate	B2	0.105	0.106	0.118	0.127	0.128	0.128	0.128	0.128	0.128	0.128	0.128	0.128	0.128	0.128	0.128	0.128	0.128	0.128	0.128	0.128	0.128	0.128	0.128	0.128	0.128	0.128	0.128	0.128	0.128	0.128	0.128	0.128	0.128	0.128	0.128	0.128	0.128	0.128	0.128	0.128	0.128	0.128	0.128	0.128	0.128	0.128	0.128	0.128	0.128	0.128	0.128	0.128	0.128	0.128	0.128	0.128	0.128	0.128	0.128	0.128	0.128	0.128	0.128	0.128
R.S.3	Carbon	Quinate	sample_plate	B3	0.107	0.109	0.117	0.123	0.124	0.124	0.124	0.124	0.124	0.124	0.124	0.124	0.124	0.124	0.124	0.124	0.124	0.124	0.124	0.124	0.124	0.124	0.124	0.124	0.124	0.124	0.124	0.124	0.124	0.124	0.124	0.124	0.124	0.124	0.124	0.124	0.124	0.124	0.124	0.124	0.124	0.124	0.124	0.124	0.124	0.124	0.124	0.124	0.124	0.124	0.124	0.124	0.124	0.124	0.124	0.124	0.124	0.124	0.124	0.124	0.124	0.124	0.124	0.124
R.S.3	Carbon	Succinate	sample_plate	B4	0.122	0.124	0.126	0.127	0.129	0.132	0.134	0.137	0.140	0.143	0.146	0.150	0.154	0.159	0.163	0.168	0.174	0.179	0.185	0.192	0.198	0.205	0.212	0.219	0.227	0.234	0.242	0.250	0.258	0.266	0.274	0.281	0.289	0.296	0.303	0.310	0.317	0.323	0.329	0.335	0.340	0.345	0.350	0.354	0.358	0.362	0.365	0.369	0.372	0.374	0.377	0.379	0.381	0.383	0.385	0.386	0.388	0.389	0.390	0.391	0.392	0.393	0.394	0.395
R.S.3	Carbon	Dulcitol	sample_plate	B5	0.116	0.118	0.119	0.121	0.124	0.127	0.130	0.134	0.139	0.144	0.151	0.159	0.168	0.178	0.189	0.202	0.217	0.232	0.249	0.266	0.284	0.302	0.320	0.337	0.354	0.370	0.384	0.397	0.409	0.419	0.428	0.436	0.442	0.448	0.453	0.457	0.460	0.463	0.466	0.468	0.469	0.471	0.472	0.473	0.473	0.474	0.475	0.475	0.475	0.476	0.476	0.476	0.476	0.476	0.476	0.477	0.477	0.477	0.477	0.477	0.477	0.477	0.477	0.477
R.S.3	Carbon	Alpha-D-Glucose	sample_plate	B6	0.127	0.131	0.136	0.142	0.151	0.162	0.175	0.191	0.210	0.232	0.256	0.281	0.306	0.330	0.352	0.372	0.388	0.402	0.413	0.422	0.428	0.433	0.437	0.440	0.443	0.444	0.445	0.446	0.447	0.448	0.448	0.448	0.448	0.449	0.449	0.449	0.449	0.449	0.449	0.449	0.449	0.449	0.449	0.449	0.449	0.449	0.449	0.449	0.449	0.449	0.449	0.449	0.449	0.449	0.449	0.449	0.449	0.449	0.449	0.449	0.449	0.449	0.449	0.449
R.S.3	Carbon	L-Xylose	sample_plate	B7	0.108	0.109	0.116	0.125	0.127	0.127	0.127	0.127	0.127	0.127	0.127	0.127	0.127	0.127	0.127	0.127	0.127	0.127	0.127	0.127	0.127	0.127	0.127	0.127	0.127	0.127	0.127	0.127	0.127	0.127	0.127	0.127	0.127	0.127	0.127	0.127	0.127	0.127	0.127	0.127	0.127	0.127	0.127	0.127	0.127	0.127	0.127	0.127	0.127	0.127	0.127	0.127	0.127	0.127	0.127	0.127	0.127	0.127	0.127	0.127	0.127	0.127	0.127	0.127
R.S.3	Carbon	L-Aspartic Acid	sample_plate	B8	0.113	0.114	0.115	0.116	0.117	0.118	0.120	0.121	0.123	0.125	0.127	0.129	0.131	0.134	0.136	0.139	0.142	0.146	0.149	0.153	0.157	0.161	0.166	0.170	0.175	0.180	0.185	0.189	0.194	0.199	0.204	0.209	0.214	0.218	0.223	0.227	0.231	0.235	0.239	0.243	0.246	0.249	0.252	0.254	0.257	0.259	0.261	0.263	0.265	0.267	0.268	0.269	0.271	0.272	0.273	0.273	0.274	0.275	0.276	0.276	0.277	0.277	0.278	0.278
R.S.3	Carbon	D-Fructose	sample_plate	B9	0.121	0.124	0.128	0.133	0.139	0.147	0.156	0.167	0.181	0.196	0.213	0.233	0.254	0.275	0.297	0.319	0.340	0.359	0.376	0.391	0.404	0.415	0.424	0.432	0.438	0.443	0.447	0.450	0.452	0.454	0.455	0.457	0.458	0.458	0.459	0.459	0.460	0.460	0.460	0.460	0.460	0.461	0.461	0.461	0.461	0.461	0.461	0.461	0.461	0.461	0.461	0.461	0.461	0.461	0.461	0.461	0.461	0.461	0.461	0.461	0.461	0.461	0.461	0.461
R.S.3	Carbon	L-Valine	sample_plate	B10	0.107	0.108	0.111	0.114	0.116	0.116	0.116	0.116	0.116	0.116	0.116	0.116	0.116	0.116	0.116	0.116	0.116	0.116	0.116	0.116	0.116	0.116	0.116	0.116	0.116	0.116	0.116	0.116	0.116	0.116	0.116	0.116	0.116	0.116	0.116	0.116	0.116	0.116	0.116	0.116	0.116	0.116	0.116	0.116	0.116	0.116	0.116	0.116	0.116	0.116	0.116	0.116	0.116	0.116	0.116	0.116	0.116	0.116	0.116	0.116	0.116	0.116	0.116	0.116
R.S.3	Carbon	Pyruvate	sample_plate	B11	0.132	0.135	0.138	0.142	0.147	0.152	0.157	0.163	0.170	0.177	0.184	0.193	0.201	0.210	0.220	0.229	0.240	0.250	0.260	0.271	0.281	0.292	0.302	0.311	0.321	0.329	0.338	0.346	0.353	0.360	0.366	0.372	0.377	0.382	0.386	0.390	0.394	0.397	0.400	0.402	0.404	0.406	0.408	0.409	0.411	0.412	0.413	0.414	0.415	0.416	0.416	0.417	0.417	0.418	0.418	0.418	0.419	0.419	0.419	0.419	0.419	0.420	0.420	0.420
R.S.3	Carbon	Lactate	sample_plate	B12	0.113	0.115	0.117	0.119	0.122	0.125	0.128	0.132	0.136	0.142	0.148	0.154	0.162	0.170	0.180	0.190	0.202	0.215	0.230	0.245	0.262	0.280	0.299	0.320	0.341	0.362	0.384	0.406	0.429	0.450	0.472	0.492	0.512	0.530	0.548	0.564	0.578	0.592	0.604	0.615	0.625	0.634	0.642	0.649	0.655	0.661	0.666	0.670	0.673	0.677	0.679	0.682	0.684	0.686	0.687	0.688	0.690	0.691	0.692	0.692	0.693	0.693	0.694	0.694
R.S.3	Carbon	Citric Acid	sample_plate	C1	0.104	0.104	0.105	0.106	0.106	0.107	0.108	0.109	0.110	0.111	0.113	0.114	0.116	0.118	0.120	0.122	0.125	0.128	0.131	0.134	0.137	0.141	0.145	0.150	0.155	0.160	0.165	0.171	0.177	0.183	0.189	0.196	0.203	0.209	0.216	0.223	0.230	0.236	0.243	0.249	0.255	0.261	0.266	0.271	0.276	0.281	0.285	0.289	0.293	0.296	0.299	0.302	0.305	0.307	0.309	0.311	0.313	0.315	0.316	0.317	0.319	0.320	0.321	0.321
R.S.3	Carbon	D-Mannose	sample_plate	C2	0.132	0.136	0.141	0.146	0.153	0.161	0.170	0.180	0.192	0.205	0.220	0.236	0.253	0.272	0.291	0.312	0.332	0.352	0.372	0.391	0.409	0.426	0.441	0.455	0.468	0.479	0.488	0.496	0.504	0.510	0.515	0.519	0.523	0.526	0.529	0.531	0.533	0.535	0.536	0.537	0.538	0.539	0.539	0.540	0.540	0.540	0.541	0.541	0.541	0.541	0.541	0.542	0.542	0.542	0.542	0.542	0.542	0.542	0.542	0.542	0.542	0.542	0.542	0.542
R.S.3	Carbon	L-Serine	sample_plate	C3	0.123	0.125	0.126	0.128	0.130	0.132	0.134	0.136	0.138	0.141	0.143	0.146	0.149	0.152	0.155	0.159	0.163	0.166	0.170	0.174	0.179	0.183	0.187	0.192	0.197	0.201	0.206	0.211	0.216	0.221	0.225	0.230	0.235	0.240	0.244	0.249	0.253	0.257	0.261	0.265	0.269	0.273	0.276	0.280	0.283	0.286	0.288	0.291	0.294	0.296	0.298	0.300	0.302	0.304	0.306	0.307	0.309	0.310	0.311	0.313	0.314	0.315	0.316	0.316
R.S.3	Carbon	Salicoside	sample_plate	C4	0.114	0.115	0.116	0.118	0.119	0.121	0.124	0.126	0.129	0.131	0.134	0.137	0.139	0.141	0.143	0.145	0.147	0.148	0.149	0.150	0.151	0.151	0.152	0.152	0.153	0.153	0.153	0.153	0.153	0.154	0.154	0.154	0.154	0.154	0.154	0.154	0.154	0.154	0.154	0.154	0.154	0.154	0.154	0.154	0.154	0.154	0.154	0.154	0.154	0.154	0.154	0.154	0.154	0.154	0.154	0.154	0.154	0.154	0.154	0.154	0.154	0.154	0.154	0.154
R.S.3	Carbon	Cellobiose	sample_plate	C5	0.115	0.116	0.118	0.119	0.121	0.123	0.125	0.128	0.131	0.135	0.139	0.144	0.150	0.157	0.165	0.173	0.183	0.194	0.206	0.219	0.233	0.247	0.263	0.279	0.295	0.311	0.327	0.342	0.357	0.371	0.383	0.395	0.406	0.415	0.424	0.431	0.438	0.444	0.448	0.453	0.456	0.460	0.462	0.464	0.466	0.468	0.469	0.471	0.472	0.472	0.473	0.474	0.474	0.475	0.475	0.475	0.475	0.476	0.476	0.476	0.476	0.476	0.476	0.476
R.S.3	Carbon	Adonitol	sample_plate	C6	0.110	0.111	0.111	0.112	0.113	0.113	0.114	0.115	0.115	0.116	0.117	0.118	0.119	0.120	0.121	0.122	0.123	0.124	0.125	0.126	0.127	0.128	0.129	0.131	0.132	0.133	0.134	0.135	0.136	0.137	0.138	0.139	0.140	0.141	0.142	0.142	0.143	0.144	0.144	0.145	0.146	0.146	0.147	0.147	0.147	0.148	0.148	0.148	0.149	0.149	0.149	0.150	0.150	0.150	0.150	0.150	0.150	0.151	0.151	0.151	0.151	0.151	0.151	0.151
R.S.3	Carbon	D-Glucose-6-Phosphate	sample_plate	C7	0.113	0.115	0.117	0.120	0.123	0.128	0.135	0.143	0.154	0.168	0.185	0.207	0.233	0.264	0.300	0.339	0.379	0.421	0.461	0.498	0.531	0.559	0.583	0.602	0.618	0.630	0.640	0.647	0.652	0.656	0.660	0.662	0.664	0.665	0.666	0.667	0.667	0.668	0.668	0.668	0.668	0.669	0.669	0.669	0.669	0.669	0.669	0.669	0.669	0.669	0.669	0.669	0.669	0.669	0.669	0.669	0.669	0.669	0.669	0.669	0.669	0.669	0.669	0.669
R.S.3	Carbon	L-Sorbose	sample_plate	C8	0.112	0.113	0.113	0.113	0.114	0.114	0.114	0.115	0.115	0.116	0.116	0.117	0.117	0.118	0.118	0.119	0.120	0.120	0.121	0.122	0.122	0.123	0.124	0.124	0.125	0.126	0.127	0.127	0.128	0.129	0.129	0.130	0.131	0.131	0.132	0.133	0.133	0.134	0.134	0.135	0.135	0.136	0.136	0.137	0.137	0.137	0.138	0.138	0.138	0.139	0.139	0.139	0.139	0.140	0.140	0.140	0.140	0.140	0.140	0.141	0.141	0.141	0.141	0.141
R.S.3	Carbon	D-Arabitol	sample_plate	C9	0.100	0.105	0.118	0.122	0.123	0.123	0.123	0.123	0.123	0.123	0.123	0.123	0.123	0.123	0.123	0.123	0.123	0.123	0.123	0.123	0.123	0.123	0.123	0.123	0.123	0.123	0.123	0.123	0.123	0.123	0.123	0.123	0.123	0.123	0.123	0.123	0.123	0.123	0.123	0.123	0.123	0.123	0.123	0.123	0.123	0.123	0.123	0.123	0.123	0.123	0.123	0.123	0.123	0.123	0.123	0.123	0.123	0.123	0.123	0.123	0.123	0.123	0.123	0.123
R.S.3	Carbon	L-Lysine	sample_plate	C10	0.107	0.109	0.114	0.119	0.121	0.122	0.122	0.122	0.122	0.122	0.122	0.122	0.122	0.122	0.122	0.122	0.122	0.122	0.122	0.122	0.122	0.122	0.122	0.122	0.122	0.122	0.122	0.122	0.122	0.122	0.122	0.122	0.122	0.122	0.122	0.122	0.122	0.122	0.122	0.122	0.122	0.122	0.122	0.122	0.122	0.122	0.122	0.122	0.122	0.122	0.122	0.122	0.122	0.122	0.122	0.122	0.122	0.122	0.122	0.122	0.122	0.122	0.122	0.122
R.S.3	Carbon	Trehalose	sample_plate	C11	0.123	0.126	0.131	0.138	0.145	0.155	0.168	0.182	0.200	0.220	0.242	0.266	0.291	0.315	0.339	0.361	0.381	0.398	0.412	0.424	0.434	0.441	0.447	0.452	0.456	0.459	0.461	0.462	0.464	0.465	0.465	0.466	0.466	0.467	0.467	0.467	0.467	0.467	0.467	0.467	0.467	0.467	0.467	0.468	0.468	0.468	0.468	0.468	0.468	0.468	0.468	0.468	0.468	0.468	0.468	0.468	0.468	0.468	0.468	0.468	0.468	0.468	0.468	0.468
R.S.3	Carbon	Acetic Acid	sample_plate	C12	0.108	0.109	0.110	0.111	0.111	0.112	0.114	0.115	0.116	0.118	0.119	0.121	0.123	0.125	0.127	0.130	0.132	0.135	0.138	0.142	0.145	0.149	0.153	0.158	0.163	0.168	0.173	0.178	0.184	0.190	0.196	0.202	0.209	0.215	0.222	0.228	0.235	0.242	0.248	0.255	0.261	0.267	0.273	0.279	0.285	0.290	0.295	0.300	0.304	0.309	0.313	0.316	0.320	0.323	0.326	0.329	0.331	0.334	0.336	0.338	0.340	0.341	0.343	0.344
R.S.3	Carbon	L-Alanine	sample_plate	D1	0.106	0.107	0.107	0.108	0.109	0.109	0.110	0.111	0.112	0.113	0.114	0.115	0.116	0.117	0.119	0.120	0.122	0.123	0.125	0.127	0.129	0.131	0.133	0.136	0.138	0.141	0.143	0.146	0.149	0.152	0.155	0.158	0.161	0.164	0.167	0.170	0.173	0.176	0.178	0.181	0.184	0.187	0.189	0.192	0.194	0.196	0.198	0.200	0.202	0.204	0.206	0.208	0.209	0.210	0.212	0.213	0.214	0.215	0.216	0.217	0.218	0.218	0.219	0.220
R.S.3	Carbon	L-Arabinose	sample_plate	D2	0.138	0.142	0.147	0.152	0.158	0.165	0.171	0.179	0.187	0.196	0.205	0.214	0.224	0.234	0.245	0.256	0.266	0.277	0.288	0.298	0.308	0.317	0.326	0.335	0.343	0.350	0.357	0.363	0.369	0.374	0.379	0.383	0.387	0.391	0.394	0.396	0.399	0.401	0.403	0.404	0.406	0.407	0.408	0.409	0.410	0.411	0.412	0.412	0.413	0.413	0.413	0.414	0.414	0.414	0.415	0.415	0.415	0.415	0.415	0.415	0.415	0.416	0.416	0.416
R.S.3	Carbon	L-Threonine	sample_plate	D3	0.108	0.110	0.123	0.133	0.135	0.135	0.135	0.135	0.135	0.135	0.135	0.135	0.135	0.135	0.135	0.135	0.135	0.135	0.135	0.135	0.135	0.135	0.135	0.135	0.135	0.135	0.135	0.135	0.135	0.135	0.135	0.135	0.135	0.135	0.135	0.135	0.135	0.135	0.135	0.135	0.135	0.135	0.135	0.135	0.135	0.135	0.135	0.135	0.135	0.135	0.135	0.135	0.135	0.135	0.135	0.135	0.135	0.135	0.135	0.135	0.135	0.135	0.135	0.135
R.S.3	Carbon	4 Hydroxy-Phenylacetate	sample_plate	D4	0.109	0.109	0.109	0.109	0.110	0.110	0.110	0.111	0.111	0.112	0.112	0.113	0.113	0.114	0.114	0.115	0.115	0.116	0.116	0.117	0.118	0.118	0.119	0.119	0.120	0.121	0.121	0.122	0.123	0.123	0.124	0.124	0.125	0.125	0.126	0.126	0.127	0.127	0.128	0.128	0.129	0.129	0.129	0.130	0.130	0.130	0.130	0.131	0.131	0.131	0.131	0.131	0.132	0.132	0.132	0.132	0.132	0.132	0.132	0.132	0.132	0.133	0.133	0.133
R.S.3	Carbon	D-Ribose	sample_plate	D5	0.121	0.123	0.125	0.128	0.131	0.134	0.138	0.143	0.148	0.154	0.160	0.168	0.176	0.185	0.195	0.205	0.216	0.228	0.241	0.254	0.267	0.280	0.293	0.306	0.318	0.330	0.342	0.352	0.362	0.371	0.380	0.387	0.394	0.400	0.405	0.410	0.414	0.417	0.420	0.423	0.425	0.427	0.429	0.430	0.432	0.433	0.434	0.435	0.435	0.436	0.436	0.437	0.437	0.437	0.438	0.438	0.438	0.438	0.438	0.439	0.439	0.439	0.439	0.439
R.S.3	Carbon	Melibiose	sample_plate	D6	0.113	0.115	0.118	0.121	0.125	0.130	0.136	0.144	0.154	0.166	0.180	0.196	0.215	0.235	0.257	0.279	0.302	0.323	0.343	0.361	0.377	0.390	0.401	0.411	0.418	0.424	0.429	0.433	0.435	0.438	0.440	0.441	0.442	0.443	0.443	0.444	0.444	0.445	0.445	0.445	0.445	0.445	0.445	0.445	0.445	0.445	0.445	0.445	0.445	0.445	0.445	0.445	0.445	0.445	0.445	0.445	0.445	0.445	0.445	0.445	0.445	0.445	0.445	0.445
R.S.3	Carbon	D-Alanine	sample_plate	D7	0.116	0.116	0.117	0.118	0.119	0.120	0.121	0.122	0.124	0.125	0.127	0.128	0.130	0.132	0.134	0.136	0.139	0.141	0.144	0.147	0.150	0.153	0.157	0.160	0.164	0.168	0.172	0.176	0.180	0.185	0.189	0.194	0.199	0.203	0.208	0.213	0.218	0.223	0.227	0.232	0.237	0.241	0.246	0.250	0.254	0.258	0.262	0.265	0.269	0.272	0.275	0.278	0.281	0.283	0.286	0.288	0.290	0.292	0.294	0.296	0.297	0.299	0.300	0.302
R.S.3	Carbon	L-Fucose	sample_plate	D8	0.110	0.111	0.112	0.112	0.113	0.115	0.116	0.117	0.119	0.121	0.123	0.125	0.128	0.131	0.134	0.138	0.142	0.147	0.152	0.157	0.163	0.170	0.177	0.185	0.193	0.202	0.212	0.222	0.232	0.243	0.254	0.265	0.277	0.288	0.300	0.311	0.321	0.332	0.342	0.351	0.360	0.369	0.377	0.384	0.391	0.397	0.403	0.408	0.412	0.416	0.420	0.424	0.427	0.429	0.432	0.434	0.436	0.437	0.439	0.440	0.441	0.442	0.443	0.444
R.S.3	Carbon	L-Asparagine	sample_plate	D9	0.122	0.124	0.125	0.126	0.128	0.130	0.131	0.133	0.135	0.137	0.140	0.142	0.145	0.148	0.151	0.154	0.157	0.161	0.164	0.168	0.172	0.177	0.181	0.186	0.190	0.195	0.200	0.206	0.211	0.216	0.222	0.228	0.233	0.239	0.245	0.250	0.256	0.262	0.267	0.273	0.278	0.284	0.289	0.294	0.299	0.304	0.308	0.313	0.317	0.321	0.325	0.329	0.332	0.335	0.339	0.341	0.344	0.347	0.349	0.352	0.354	0.356	0.358	0.359
R.S.3	Carbon	L-Leucine	sample_plate	D10	0.108	0.110	0.120	0.123	0.123	0.123	0.123	0.123	0.123	0.123	0.123	0.123	0.123	0.123	0.123	0.123	0.123	0.123	0.123	0.123	0.123	0.123	0.123	0.123	0.123	0.123	0.123	0.123	0.123	0.123	0.123	0.123	0.123	0.123	0.123	0.123	0.123	0.123	0.123	0.123	0.123	0.123	0.123	0.123	0.123	0.123	0.123	0.123	0.123	0.123	0.123	0.123	0.123	0.123	0.123	0.123	0.123	0.123	0.123	0.123	0.123	0.123	0.123	0.123
R.S.3	Carbon	D-Aspartic Acid	sample_plate	D11	0.105	0.107	0.113	0.118	0.120	0.120	0.120	0.120	0.120	0.120	0.120	0.120	0.120	0.120	0.120	0.120	0.120	0.120	0.120	0.120	0.120	0.120	0.120	0.120	0.120	0.120	0.120	0.120	0.120	0.120	0.120	0.120	0.120	0.120	0.120	0.120	0.120	0.120	0.120	0.120	0.120	0.120	0.120	0.120	0.120	0.120	0.120	0.120	0.120	0.120	0.120	0.120	0.120	0.120	0.120	0.120	0.120	0.120	0.120	0.120	0.120	0.120	0.120	0.120
R.S.3	Carbon	Inosine	sample_plate	D12	0.109	0.112	0.114	0.118	0.123	0.130	0.138	0.149	0.163	0.180	0.200	0.223	0.250	0.279	0.309	0.339	0.368	0.394	0.418	0.438	0.454	0.467	0.478	0.486	0.493	0.498	0.501	0.504	0.506	0.508	0.509	0.510	0.511	0.511	0.512	0.512	0.512	0.512	0.512	0.512	0.513	0.513	0.513	0.513	0.513	0.513	0.513	0.513	0.513	0.513	0.513	0.513	0.513	0.513	0.513	0.513	0.513	0.513	0.513	0.513	0.513	0.513	0.513	0.513
R.S.3	Carbon	Thymidine	sample_plate	E1	0.113	0.116	0.120	0.124	0.130	0.137	0.145	0.154	0.163	0.173	0.183	0.192	0.199	0.206	0.212	0.217	0.220	0.223	0.225	0.227	0.228	0.229	0.230	0.231	0.231	0.231	0.232	0.232	0.232	0.232	0.232	0.232	0.232	0.232	0.232	0.232	0.232	0.232	0.232	0.232	0.232	0.232	0.232	0.232	0.232	0.232	0.232	0.232	0.232	0.232	0.232	0.232	0.232	0.232	0.232	0.232	0.232	0.232	0.232	0.232	0.232	0.232	0.232	0.232
R.S.3	Carbon	Sucrose	sample_plate	E2	0.113	0.115	0.117	0.122	0.128	0.136	0.145	0.154	0.162	0.169	0.174	0.177	0.179	0.180	0.181	0.181	0.182	0.182	0.182	0.182	0.182	0.182	0.182	0.182	0.182	0.182	0.182	0.182	0.182	0.182	0.182	0.182	0.182	0.182	0.182	0.182	0.182	0.182	0.182	0.182	0.182	0.182	0.182	0.182	0.182	0.182	0.182	0.182	0.182	0.182	0.182	0.182	0.182	0.182	0.182	0.182	0.182	0.182	0.182	0.182	0.182	0.182	0.182	0.182
R.S.3	Carbon	D-Xylose	sample_plate	E3	0.120	0.123	0.127	0.131	0.136	0.141	0.148	0.155	0.164	0.174	0.185	0.197	0.210	0.224	0.239	0.255	0.270	0.286	0.302	0.317	0.331	0.345	0.357	0.368	0.378	0.387	0.395	0.402	0.408	0.413	0.417	0.421	0.424	0.426	0.428	0.430	0.432	0.433	0.434	0.435	0.436	0.436	0.437	0.437	0.437	0.438	0.438	0.438	0.438	0.438	0.439	0.439	0.439	0.439	0.439	0.439	0.439	0.439	0.439	0.439	0.439	0.439	0.439	0.439
R.S.3	Carbon	L-Cysteine	sample_plate	E4	0.111	0.111	0.111	0.112	0.112	0.112	0.113	0.113	0.114	0.114	0.115	0.115	0.116	0.116	0.117	0.118	0.118	0.119	0.120	0.120	0.121	0.122	0.123	0.123	0.124	0.125	0.125	0.126	0.127	0.127	0.128	0.129	0.129	0.130	0.130	0.131	0.131	0.132	0.132	0.132	0.133	0.133	0.133	0.134	0.134	0.134	0.134	0.134	0.135	0.135	0.135	0.135	0.135	0.135	0.135	0.136	0.136	0.136	0.136	0.136	0.136	0.136	0.136	0.136
R.S.3	Carbon	Alpha-D-Lactose	sample_plate	E5	0.107	0.108	0.108	0.109	0.110	0.111	0.112	0.113	0.115	0.116	0.119	0.122	0.125	0.129	0.134	0.140	0.147	0.155	0.164	0.175	0.187	0.201	0.216	0.232	0.249	0.268	0.286	0.305	0.324	0.341	0.358	0.374	0.388	0.401	0.412	0.422	0.431	0.438	0.445	0.450	0.454	0.458	0.461	0.464	0.466	0.468	0.469	0.470	0.471	0.472	0.473	0.473	0.474	0.474	0.474	0.474	0.475	0.475	0.475	0.475	0.475	0.475	0.475	0.475
R.S.3	Carbon	Raffinose	sample_plate	E6	0.108	0.108	0.109	0.112	0.116	0.122	0.129	0.137	0.143	0.147	0.150	0.151	0.152	0.152	0.152	0.153	0.153	0.153	0.153	0.153	0.153	0.153	0.153	0.153	0.153	0.153	0.153	0.153	0.153	0.153	0.153	0.153	0.153	0.153	0.153	0.153	0.153	0.153	0.153	0.153	0.153	0.153	0.153	0.153	0.153	0.153	0.153	0.153	0.153	0.153	0.153	0.153	0.153	0.153	0.153	0.153	0.153	0.153	0.153	0.153	0.153	0.153	0.153	0.153
R.S.3	Carbon	D-Asparagine	sample_plate	E7	0.107	0.108	0.110	0.111	0.113	0.115	0.118	0.120	0.122	0.124	0.126	0.127	0.128	0.128	0.129	0.129	0.129	0.129	0.129	0.129	0.129	0.129	0.129	0.129	0.129	0.130	0.130	0.130	0.130	0.130	0.130	0.130	0.130	0.130	0.130	0.130	0.130	0.130	0.130	0.130	0.130	0.130	0.130	0.130	0.130	0.130	0.130	0.130	0.130	0.130	0.130	0.130	0.130	0.130	0.130	0.130	0.130	0.130	0.130	0.130	0.130	0.130	0.130	0.130
R.S.3	Carbon	Erythritol	sample_plate	E8	0.107	0.109	0.115	0.123	0.126	0.127	0.127	0.127	0.127	0.127	0.127	0.127	0.127	0.127	0.127	0.127	0.127	0.127	0.127	0.127	0.127	0.127	0.127	0.127	0.127	0.127	0.127	0.127	0.127	0.127	0.127	0.127	0.127	0.127	0.127	0.127	0.127	0.127	0.127	0.127	0.127	0.127	0.127	0.127	0.127	0.127	0.127	0.127	0.127	0.127	0.127	0.127	0.127	0.127	0.127	0.127	0.127	0.127	0.127	0.127	0.127	0.127	0.127	0.127
R.S.3	Carbon	D-Cysteine	sample_plate	E9	0.108	0.110	0.125	0.126	0.126	0.126	0.126	0.126	0.126	0.126	0.126	0.126	0.126	0.126	0.126	0.126	0.126	0.126	0.126	0.126	0.126	0.126	0.126	0.126	0.126	0.126	0.126	0.126	0.126	0.126	0.126	0.126	0.126	0.126	0.126	0.126	0.126	0.126	0.126	0.126	0.126	0.126	0.126	0.126	0.126	0.126	0.126	0.126	0.126	0.126	0.126	0.126	0.126	0.126	0.126	0.126	0.126	0.126	0.126	0.126	0.126	0.126	0.126	0.126
R.S.3	Carbon	L-Isoleucine	sample_plate	E10	0.106	0.108	0.116	0.123	0.125	0.125	0.125	0.125	0.125	0.125	0.125	0.125	0.125	0.125	0.125	0.125	0.125	0.125	0.125	0.125	0.125	0.125	0.125	0.125	0.125	0.125	0.125	0.125	0.125	0.125	0.125	0.125	0.125	0.125	0.125	0.125	0.125	0.125	0.125	0.125	0.125	0.125	0.125	0.125	0.125	0.125	0.125	0.125	0.125	0.125	0.125	0.125	0.125	0.125	0.125	0.125	0.125	0.125	0.125	0.125	0.125	0.125	0.125	0.125
R.S.3	Carbon	L-Cysteic Acid	sample_plate	E11	0.105	0.106	0.109	0.113	0.114	0.114	0.114	0.114	0.114	0.114	0.114	0.114	0.114	0.114	0.114	0.114	0.114	0.114	0.114	0.114	0.114	0.114	0.114	0.114	0.114	0.114	0.114	0.114	0.114	0.114	0.114	0.114	0.114	0.114	0.114	0.114	0.114	0.114	0.114	0.114	0.114	0.114	0.114	0.114	0.114	0.114	0.114	0.114	0.114	0.114	0.114	0.114	0.114	0.114	0.114	0.114	0.114	0.114	0.114	0.114	0.114	0.114	0.114	0.114
R.S.3	Carbon	Adenosine	sample_plate	E12	0.110	0.112	0.114	0.117	0.120	0.124	0.130	0.136	0.144	0.154	0.166	0.180	0.196	0.214	0.235	0.258	0.282	0.307	0.333	0.357	0.380	0.402	0.421	0.438	0.452	0.465	0.475	0.483	0.490	0.495	0.500	0.503	0.506	0.509	0.510	0.512	0.513	0.514	0.514	0.515	0.515	0.516	0.516	0.516	0.516	0.516	0.516	0.517	0.517	0.517	0.517	0.517	0.517	0.517	0.517	0.517	0.517	0.517	0.517	0.517	0.517	0.517	0.517	0.517
R.S.3	Carbon	Xylitol	sample_plate	F1	0.099	0.102	0.117	0.124	0.125	0.125	0.125	0.125	0.125	0.125	0.125	0.125	0.125	0.125	0.125	0.125	0.125	0.125	0.125	0.125	0.125	0.125	0.125	0.125	0.125	0.125	0.125	0.125	0.125	0.125	0.125	0.125	0.125	0.125	0.125	0.125	0.125	0.125	0.125	0.125	0.125	0.125	0.125	0.125	0.125	0.125	0.125	0.125	0.125	0.125	0.125	0.125	0.125	0.125	0.125	0.125	0.125	0.125	0.125	0.125	0.125	0.125	0.125	0.125
R.S.3	Carbon	L-Glutamine	sample_plate	F2	0.115	0.117	0.118	0.120	0.122	0.124	0.126	0.129	0.132	0.135	0.138	0.141	0.145	0.149	0.153	0.158	0.162	0.167	0.172	0.178	0.183	0.189	0.195	0.201	0.207	0.213	0.219	0.225	0.231	0.236	0.242	0.247	0.252	0.257	0.262	0.266	0.271	0.275	0.278	0.282	0.285	0.288	0.291	0.293	0.295	0.298	0.300	0.301	0.303	0.304	0.306	0.307	0.308	0.309	0.310	0.311	0.311	0.312	0.312	0.313	0.313	0.314	0.314	0.315
R.S.3	Carbon	L-Rhamnose	sample_plate	F3	0.124	0.126	0.128	0.131	0.135	0.138	0.143	0.147	0.152	0.158	0.164	0.171	0.179	0.187	0.196	0.205	0.216	0.226	0.238	0.250	0.262	0.275	0.288	0.301	0.315	0.328	0.341	0.354	0.366	0.378	0.390	0.400	0.410	0.420	0.429	0.437	0.444	0.451	0.457	0.463	0.468	0.473	0.477	0.480	0.484	0.486	0.489	0.491	0.493	0.495	0.497	0.498	0.499	0.500	0.501	0.502	0.503	0.504	0.504	0.505	0.505	0.506	0.506	0.506
R.S.3	Carbon	Putrescine	sample_plate	F4	0.112	0.112	0.113	0.113	0.113	0.114	0.114	0.115	0.115	0.116	0.117	0.117	0.118	0.119	0.119	0.120	0.121	0.122	0.122	0.123	0.124	0.125	0.126	0.127	0.128	0.128	0.129	0.130	0.131	0.132	0.133	0.134	0.134	0.135	0.136	0.137	0.137	0.138	0.139	0.139	0.140	0.140	0.141	0.142	0.142	0.142	0.143	0.143	0.144	0.144	0.144	0.145	0.145	0.145	0.145	0.146	0.146	0.146	0.146	0.146	0.147	0.147	0.147	0.147
R.S.3	Carbon	2 Deoxy-D-Ribose	sample_plate	F5	0.112	0.114	0.117	0.122	0.127	0.133	0.138	0.143	0.147	0.150	0.152	0.153	0.154	0.154	0.155	0.155	0.155	0.155	0.155	0.155	0.155	0.155	0.155	0.155	0.155	0.155	0.155	0.155	0.155	0.155	0.155	0.155	0.155	0.155	0.155	0.155	0.155	0.155	0.155	0.155	0.155	0.155	0.155	0.155	0.155	0.155	0.155	0.155	0.155	0.155	0.155	0.155	0.155	0.155	0.155	0.155	0.155	0.155	0.155	0.155	0.155	0.155	0.155	0.155
R.S.3	Carbon	L-Arabitol	sample_plate	F6	0.111	0.111	0.112	0.112	0.112	0.113	0.113	0.114	0.114	0.115	0.115	0.116	0.117	0.117	0.118	0.119	0.120	0.120	0.121	0.122	0.123	0.124	0.124	0.125	0.126	0.127	0.128	0.129	0.130	0.131	0.132	0.132	0.133	0.134	0.135	0.136	0.136	0.137	0.138	0.138	0.139	0.140	0.140	0.141	0.141	0.142	0.142	0.143	0.143	0.143	0.144	0.144	0.145	0.145	0.145	0.145	0.146	0.146	0.146	0.146	0.146	0.147	0.147	0.147
R.S.3	Carbon	D-Glucosamine	sample_plate	F7	0.121	0.124	0.127	0.132	0.137	0.143	0.151	0.160	0.171	0.184	0.198	0.215	0.233	0.253	0.274	0.296	0.317	0.338	0.357	0.375	0.391	0.405	0.417	0.428	0.437	0.444	0.450	0.455	0.459	0.462	0.464	0.466	0.468	0.469	0.470	0.471	0.472	0.472	0.473	0.473	0.473	0.474	0.474	0.474	0.474	0.474	0.474	0.474	0.474	0.474	0.474	0.474	0.474	0.474	0.474	0.474	0.474	0.474	0.474	0.474	0.474	0.474	0.474	0.474
R.S.3	Carbon	L-Phenylalanine	sample_plate	F8	0.109	0.111	0.115	0.120	0.125	0.131	0.134	0.136	0.137	0.137	0.137	0.137	0.137	0.137	0.137	0.137	0.137	0.137	0.137	0.137	0.137	0.137	0.137	0.137	0.137	0.137	0.137	0.137	0.137	0.137	0.137	0.137	0.137	0.137	0.137	0.137	0.137	0.137	0.137	0.137	0.137	0.137	0.137	0.137	0.137	0.137	0.137	0.137	0.137	0.137	0.137	0.137	0.137	0.137	0.137	0.137	0.137	0.137	0.137	0.137	0.137	0.137	0.137	0.137
R.S.3	Carbon	D-Glutamic Acid	sample_plate	F9	0.109	0.109	0.109	0.109	0.110	0.110	0.110	0.110	0.110	0.111	0.111	0.111	0.111	0.112	0.112	0.112	0.112	0.113	0.113	0.113	0.113	0.114	0.114	0.114	0.115	0.115	0.115	0.116	0.116	0.116	0.117	0.117	0.118	0.118	0.118	0.119	0.119	0.119	0.120	0.120	0.120	0.121	0.121	0.121	0.122	0.122	0.122	0.122	0.123	0.123	0.123	0.124	0.124	0.124	0.124	0.125	0.125	0.125	0.125	0.125	0.126	0.126	0.126	0.126
R.S.3	Carbon	D-Arabinose	sample_plate	F10	0.112	0.112	0.113	0.114	0.115	0.116	0.118	0.119	0.121	0.123	0.125	0.127	0.130	0.133	0.137	0.141	0.145	0.150	0.156	0.162	0.169	0.176	0.184	0.192	0.202	0.212	0.222	0.233	0.245	0.256	0.268	0.281	0.293	0.305	0.317	0.329	0.340	0.351	0.361	0.371	0.380	0.388	0.396	0.403	0.410	0.415	0.421	0.426	0.430	0.434	0.437	0.440	0.443	0.445	0.447	0.449	0.451	0.452	0.454	0.455	0.456	0.456	0.457	0.458
R.S.3	Carbon	L-Tryptophan	sample_plate	F11	0.114	0.117	0.123	0.129	0.137	0.144	0.148	0.151	0.153	0.154	0.155	0.155	0.155	0.155	0.155	0.155	0.155	0.155	0.155	0.155	0.155	0.155	0.155	0.155	0.155	0.155	0.155	0.155	0.155	0.155	0.155	0.155	0.155	0.155	0.155	0.155	0.155	0.155	0.155	0.155	0.155	0.155	0.155	0.155	0.155	0.155	0.155	0.155	0.155	0.155	0.155	0.155	0.155	0.155	0.155	0.155	0.155	0.155	0.155	0.155	0.155	0.155	0.155	0.155
R.S.3	Carbon	L-Pyro-Glutamic Acid	sample_plate	F12	0.110	0.111	0.112	0.113	0.114	0.115	0.116	0.117	0.119	0.120	0.121	0.123	0.125	0.126	0.128	0.130	0.132	0.134	0.136	0.138	0.140	0.142	0.144	0.146	0.148	0.150	0.151	0.153	0.155	0.157	0.159	0.160	0.162	0.163	0.165	0.166	0.167	0.168	0.169	0.170	0.171	0.172	0.173	0.174	0.174	0.175	0.176	0.176	0.177	0.177	0.177	0.178	0.178	0.178	0.179	0.179	0.179	0.179	0.180	0.180	0.180	0.180	0.180	0.180
R.S.3	Nitrogen	Negative Control	sample_plate	G1	0.132	0.135	0.137	0.141	0.144	0.148	0.152	0.156	0.161	0.166	0.171	0.176	0.182	0.187	0.193	0.199	0.205	0.211	0.217	0.222	0.228	0.233	0.238	0.242	0.247	0.251	0.254	0.258	0.261	0.264	0.266	0.268	0.270	0.272	0.274	0.275	0.277	0.278	0.279	0.279	0.280	0.281	0.282	0.282	0.283	0.283	0.283	0.284	0.284	0.284	0.284	0.284	0.285	0.285	0.285	0.285	0.285	0.285	0.285	0.285	0.285	0.285	0.285	0.285
R.S.3	Nitrogen	Tyramine	sample_plate	G2	0.118	0.119	0.120	0.120	0.121	0.122	0.123	0.124	0.125	0.126	0.128	0.129	0.131	0.133	0.134	0.136	0.139	0.141	0.143	0.146	0.149	0.152	0.155	0.158	0.161	0.164	0.168	0.171	0.175	0.178	0.182	0.185	0.189	0.193	0.196	0.199	0.203	0.206	0.209	0.212	0.215	0.217	0.220	0.222	0.224	0.226	0.228	0.230	0.232	0.233	0.235	0.236	0.237	0.238	0.239	0.240	0.241	0.242	0.242	0.243	0.244	0.244	0.245	0.245
R.S.3	Nitrogen	Uridine	sample_plate	G3	0.128	0.131	0.134	0.137	0.141	0.145	0.150	0.155	0.160	0.166	0.173	0.179	0.186	0.193	0.201	0.208	0.215	0.221	0.228	0.234	0.240	0.245	0.250	0.255	0.259	0.262	0.266	0.268	0.271	0.273	0.275	0.277	0.278	0.279	0.280	0.281	0.282	0.283	0.283	0.284	0.284	0.285	0.285	0.285	0.285	0.286	0.286	0.286	0.286	0.286	0.286	0.286	0.286	0.286	0.286	0.286	0.286	0.287	0.287	0.287	0.287	0.287	0.287	0.287
R.S.3	Nitrogen	Inosine	sample_plate	G4	0.126	0.128	0.130	0.133	0.136	0.140	0.144	0.148	0.153	0.157	0.163	0.168	0.174	0.180	0.186	0.192	0.198	0.203	0.209	0.214	0.219	0.224	0.229	0.233	0.236	0.240	0.243	0.245	0.248	0.250	0.252	0.253	0.255	0.256	0.257	0.258	0.259	0.260	0.260	0.261	0.261	0.262	0.262	0.262	0.263	0.263	0.263	0.263	0.263	0.263	0.263	0.264	0.264	0.264	0.264	0.264	0.264	0.264	0.264	0.264	0.264	0.264	0.264	0.264
R.S.3	Nitrogen	Histamine	sample_plate	G5	0.126	0.128	0.130	0.133	0.136	0.139	0.143	0.147	0.151	0.156	0.160	0.165	0.171	0.176	0.181	0.187	0.192	0.198	0.203	0.208	0.213	0.217	0.221	0.225	0.228	0.232	0.234	0.237	0.239	0.241	0.243	0.245	0.246	0.247	0.248	0.249	0.250	0.251	0.251	0.252	0.252	0.253	0.253	0.253	0.254	0.254	0.254	0.254	0.254	0.254	0.255	0.255	0.255	0.255	0.255	0.255	0.255	0.255	0.255	0.255	0.255	0.255	0.255	0.255
R.S.3	Nitrogen	L-Pyro-Glutamic Acid	sample_plate	G6	0.120	0.122	0.125	0.128	0.132	0.137	0.143	0.150	0.158	0.166	0.175	0.185	0.195	0.204	0.214	0.222	0.230	0.237	0.243	0.249	0.253	0.257	0.259	0.262	0.264	0.265	0.266	0.267	0.268	0.269	0.269	0.270	0.270	0.270	0.270	0.270	0.271	0.271	0.271	0.271	0.271	0.271	0.271	0.271	0.271	0.271	0.271	0.271	0.271	0.271	0.271	0.271	0.271	0.271	0.271	0.271	0.271	0.271	0.271	0.271	0.271	0.271	0.271	0.271
R.S.3	Nitrogen	Cytidine	sample_plate	G7	0.111	0.113	0.115	0.119	0.125	0.134	0.146	0.164	0.190	0.224	0.268	0.322	0.383	0.447	0.508	0.562	0.607	0.641	0.666	0.684	0.697	0.705	0.711	0.715	0.718	0.719	0.721	0.721	0.722	0.722	0.722	0.723	0.723	0.723	0.723	0.723	0.723	0.723	0.723	0.723	0.723	0.723	0.723	0.723	0.723	0.723	0.723	0.723	0.723	0.723	0.723	0.723	0.723	0.723	0.723	0.723	0.723	0.723	0.723	0.723	0.723	0.723	0.723	0.723
R.S.3	Nitrogen	Adenosine	sample_plate	G8	0.128	0.133	0.140	0.147	0.157	0.169	0.183	0.200	0.219	0.242	0.267	0.294	0.323	0.353	0.383	0.412	0.440	0.465	0.488	0.508	0.525	0.539	0.551	0.561	0.569	0.575	0.580	0.585	0.588	0.590	0.593	0.594	0.595	0.596	0.597	0.598	0.598	0.599	0.599	0.599	0.599	0.600	0.600	0.600	0.600	0.600	0.600	0.600	0.600	0.600	0.600	0.600	0.600	0.600	0.600	0.600	0.600	0.600	0.600	0.600	0.600	0.600	0.600	0.600
R.S.3	Nitrogen	L-Arginine	sample_plate	G9	0.120	0.122	0.124	0.128	0.132	0.137	0.144	0.152	0.162	0.173	0.187	0.202	0.219	0.237	0.256	0.274	0.291	0.306	0.320	0.332	0.342	0.350	0.356	0.362	0.366	0.369	0.372	0.374	0.375	0.376	0.377	0.378	0.378	0.379	0.379	0.379	0.379	0.380	0.380	0.380	0.380	0.380	0.380	0.380	0.380	0.380	0.380	0.380	0.380	0.380	0.380	0.380	0.380	0.380	0.380	0.380	0.380	0.380	0.380	0.380	0.380	0.380	0.380	0.380
R.S.3	Nitrogen	Thiourea	sample_plate	G10	0.122	0.124	0.126	0.128	0.131	0.133	0.136	0.139	0.142	0.145	0.149	0.152	0.156	0.160	0.164	0.168	0.172	0.175	0.179	0.183	0.186	0.190	0.193	0.196	0.199	0.202	0.204	0.206	0.208	0.210	0.212	0.213	0.215	0.216	0.217	0.218	0.219	0.219	0.220	0.221	0.221	0.222	0.222	0.222	0.223	0.223	0.223	0.223	0.224	0.224	0.224	0.224	0.224	0.224	0.224	0.224	0.224	0.224	0.225	0.225	0.225	0.225	0.225	0.225
R.S.3	Nitrogen	Biuret	sample_plate	G11	0.124	0.127	0.130	0.133	0.136	0.140	0.144	0.149	0.154	0.160	0.166	0.171	0.178	0.184	0.190	0.196	0.202	0.208	0.213	0.219	0.223	0.228	0.231	0.235	0.238	0.241	0.243	0.246	0.247	0.249	0.250	0.252	0.253	0.254	0.254	0.255	0.256	0.256	0.256	0.257	0.257	0.257	0.258	0.258	0.258	0.258	0.258	0.258	0.258	0.258	0.258	0.258	0.258	0.259	0.259	0.259	0.259	0.259	0.259	0.259	0.259	0.259	0.259	0.259
R.S.3	Nitrogen	Guanidine	sample_plate	G12	0.108	0.109	0.109	0.110	0.111	0.111	0.112	0.113	0.114	0.116	0.117	0.119	0.120	0.122	0.124	0.127	0.129	0.132	0.135	0.138	0.142	0.146	0.150	0.154	0.158	0.163	0.167	0.172	0.177	0.182	0.186	0.191	0.195	0.200	0.204	0.208	0.211	0.215	0.218	0.221	0.224	0.226	0.228	0.230	0.232	0.234	0.235	0.237	0.238	0.239	0.240	0.241	0.241	0.242	0.243	0.243	0.244	0.244	0.244	0.245	0.245	0.245	0.245	0.245
R.S.3	Nitrogen	L-Histidine	sample_plate	H1	0.128	0.131	0.134	0.138	0.142	0.146	0.151	0.157	0.163	0.170	0.177	0.184	0.192	0.199	0.207	0.214	0.221	0.227	0.233	0.238	0.243	0.247	0.251	0.254	0.257	0.259	0.261	0.263	0.264	0.265	0.266	0.267	0.268	0.268	0.269	0.269	0.269	0.270	0.270	0.270	0.270	0.270	0.271	0.271	0.271	0.271	0.271	0.271	0.271	0.271	0.271	0.271	0.271	0.271	0.271	0.271	0.271	0.271	0.271	0.271	0.271	0.271	0.271	0.271
R.S.3	Nitrogen	Thymine	sample_plate	H2	0.128	0.131	0.134	0.137	0.140	0.143	0.147	0.151	0.155	0.160	0.165	0.170	0.175	0.181	0.187	0.193	0.198	0.205	0.211	0.217	0.223	0.228	0.234	0.240	0.245	0.250	0.255	0.259	0.263	0.267	0.271	0.275	0.278	0.281	0.283	0.286	0.288	0.290	0.292	0.293	0.295	0.296	0.297	0.298	0.299	0.300	0.301	0.302	0.302	0.303	0.303	0.304	0.304	0.304	0.305	0.305	0.305	0.305	0.306	0.306	0.306	0.306	0.306	0.306
R.S.3	Nitrogen	L-Glutathione	sample_plate	H3	0.144	0.149	0.155	0.161	0.168	0.176	0.184	0.193	0.202	0.212	0.223	0.234	0.245	0.257	0.269	0.280	0.292	0.303	0.314	0.324	0.334	0.344	0.352	0.360	0.368	0.374	0.380	0.386	0.391	0.395	0.399	0.402	0.405	0.408	0.410	0.412	0.414	0.416	0.417	0.418	0.419	0.420	0.421	0.422	0.422	0.423	0.423	0.424	0.424	0.424	0.425	0.425	0.425	0.425	0.425	0.425	0.426	0.426	0.426	0.426	0.426	0.426	0.426	0.426
R.S.3	Nitrogen	Allantoin	sample_plate	H4	0.126	0.128	0.131	0.134	0.137	0.140	0.144	0.148	0.152	0.156	0.161	0.166	0.171	0.177	0.183	0.188	0.194	0.200	0.206	0.212	0.218	0.224	0.230	0.235	0.240	0.245	0.250	0.254	0.258	0.262	0.265	0.268	0.271	0.274	0.276	0.278	0.280	0.282	0.284	0.285	0.286	0.287	0.288	0.289	0.290	0.291	0.291	0.292	0.292	0.293	0.293	0.294	0.294	0.294	0.294	0.295	0.295	0.295	0.295	0.295	0.295	0.295	0.295	0.295
R.S.3	Nitrogen	Adenine	sample_plate	H5	0.132	0.135	0.138	0.142	0.146	0.151	0.156	0.161	0.167	0.174	0.181	0.189	0.197	0.206	0.215	0.225	0.235	0.245	0.256	0.267	0.278	0.289	0.300	0.311	0.322	0.332	0.342	0.351	0.360	0.369	0.377	0.384	0.391	0.397	0.403	0.408	0.413	0.417	0.421	0.425	0.428	0.431	0.434	0.436	0.438	0.440	0.441	0.443	0.444	0.445	0.446	0.447	0.448	0.448	0.449	0.450	0.450	0.450	0.451	0.451	0.451	0.452	0.452	0.452
R.S.3	Nitrogen	Glycine	sample_plate	H6	0.125	0.127	0.129	0.131	0.134	0.137	0.140	0.143	0.146	0.150	0.154	0.158	0.163	0.168	0.172	0.177	0.183	0.188	0.193	0.199	0.204	0.210	0.215	0.220	0.225	0.230	0.235	0.239	0.243	0.247	0.251	0.254	0.258	0.261	0.263	0.266	0.268	0.270	0.272	0.274	0.276	0.277	0.278	0.279	0.280	0.281	0.282	0.283	0.284	0.284	0.285	0.285	0.286	0.286	0.286	0.287	0.287	0.287	0.287	0.287	0.288	0.288	0.288	0.288
R.S.3	Nitrogen	Beta-Phenylethylamine	sample_plate	H7	0.116	0.117	0.119	0.120	0.122	0.123	0.125	0.127	0.129	0.132	0.134	0.136	0.139	0.142	0.144	0.147	0.150	0.152	0.155	0.157	0.160	0.162	0.164	0.166	0.168	0.170	0.171	0.173	0.174	0.175	0.176	0.177	0.178	0.179	0.180	0.180	0.181	0.181	0.182	0.182	0.182	0.182	0.183	0.183	0.183	0.183	0.183	0.183	0.184	0.184	0.184	0.184	0.184	0.184	0.184	0.184	0.184	0.184	0.184	0.184	0.184	0.184	0.184	0.184
R.S.3	Nitrogen	L-Proline	sample_plate	H8	0.132	0.135	0.137	0.140	0.143	0.147	0.150	0.154	0.158	0.163	0.168	0.173	0.178	0.184	0.190	0.197	0.204	0.211	0.219	0.227	0.235	0.243	0.252	0.261	0.270	0.279	0.289	0.298	0.307	0.317	0.326	0.335	0.344	0.353	0.361	0.369	0.377	0.385	0.392	0.399	0.406	0.412	0.418	0.423	0.428	0.433	0.438	0.442	0.446	0.449	0.453	0.456	0.459	0.461	0.464	0.466	0.468	0.470	0.472	0.473	0.475	0.476	0.477	0.478
R.S.3	Nitrogen	D-Methionine	sample_plate	H9	0.130	0.131	0.133	0.135	0.138	0.140	0.142	0.145	0.148	0.151	0.154	0.158	0.161	0.165	0.168	0.172	0.176	0.180	0.184	0.188	0.193	0.197	0.201	0.205	0.208	0.212	0.216	0.219	0.222	0.225	0.228	0.231	0.234	0.236	0.238	0.240	0.242	0.244	0.246	0.247	0.249	0.250	0.251	0.252	0.253	0.254	0.255	0.255	0.256	0.256	0.257	0.257	0.258	0.258	0.259	0.259	0.259	0.259	0.260	0.260	0.260	0.260	0.260	0.260
R.S.3	Nitrogen	Cytosine	sample_plate	H10	0.130	0.132	0.134	0.136	0.139	0.141	0.144	0.146	0.149	0.153	0.156	0.160	0.164	0.168	0.172	0.177	0.181	0.187	0.192	0.197	0.203	0.209	0.215	0.222	0.228	0.235	0.242	0.249	0.256	0.263	0.270	0.277	0.284	0.291	0.298	0.305	0.312	0.318	0.325	0.331	0.337	0.343	0.349	0.354	0.359	0.364	0.369	0.374	0.378	0.382	0.386	0.389	0.393	0.396	0.399	0.401	0.404	0.406	0.409	0.411	0.413	0.414	0.416	0.417
R.S.3	Nitrogen	D-Valine	sample_plate	H11	0.122	0.123	0.125	0.127	0.129	0.132	0.134	0.137	0.140	0.143	0.147	0.150	0.154	0.157	0.161	0.164	0.168	0.171	0.174	0.177	0.180	0.182	0.184	0.186	0.188	0.190	0.191	0.192	0.194	0.195	0.195	0.196	0.197	0.197	0.198	0.198	0.199	0.199	0.199	0.199	0.200	0.200	0.200	0.200	0.200	0.200	0.200	0.200	0.200	0.200	0.200	0.200	0.200	0.200	0.200	0.201	0.201	0.201	0.201	0.201	0.201	0.201	0.201	0.201
R.S.3	Nitrogen	N-Acetyl-D-Glucosamine	sample_plate	H12	0.112	0.113	0.114	0.116	0.118	0.121	0.125	0.131	0.137	0.146	0.157	0.170	0.186	0.205	0.226	0.250	0.275	0.302	0.328	0.352	0.375	0.395	0.413	0.427	0.439	0.448	0.456	0.462	0.467	0.470	0.473	0.475	0.477	0.478	0.479	0.479	0.480	0.480	0.481	0.481	0.481	0.481	0.481	0.481	0.481	0.481	0.481	0.481	0.481	0.481	0.481	0.481	0.481	0.481	0.481	0.481	0.481	0.481	0.481	0.481	0.481	0.481	0.481	0.481
